32
0
0
-7
3
1
0
-29
-36
-1
1
-127
-15
-1
3
-4
0
0
-1
-55
0
5
65
-1
57
56
3
-1
22
-1
92
0
0
-1
0
0
1
6
-3
-180
-7
-30
127
0
0
5
10
3
1
0
0
0
35
20
54
-18
-1
1
0
1
0
-19
-1
10
122
15
0
255
249
-2
0
0
3
-1
-15
-86
-2
-45
1
5
2
31
0
-2
0
-1
0
3
-1
-1
19
-1
0
0
3
-30
-3
0
1
-110
0
1
-10
41
4
-135
-1
-51
-1
0
-1
-1
32
1
-2
1
8
0
0
0
-102
0
127
14
0
120
-82
0
-149
-8
224
-208
0
-93
3
-197
27
1
-3
85
-3
0
7
1
0
5
14
5
-2
0
0
1
232
-4
-1
0
0
0
-215
0
97
15
1
-249
-2
0
-1
-7
2
-35
-1
0
-1
2
29
-88
1
1
-4
-24
-48
-33
-1
12
-1
-3
-1
0
0
-188
-14
-1
3
-15
33
0
-1
-7
-5
29
64
0
-14
-24
0
-3
-7
42
-92
0
62
0
-20
2
71
0
-1
0
-3
136
0
0
4
1
0
0
-196
8
7
1
-16
-1
-32
1
195
-4
45
10
0
-1
0
0
0
47
2
-6
1
-12
0
10
0
0
-1
1
-1
0
28
183
0
-1
0
-28
3
253
-53
-47
0
-4
1
6
9
-1
5
-2
7
71
-199
1
4
1
0
20
60
37
-2
0
-77
33
-49
-138
0
2
27
1
-221
0
-1
-15
0
-206
48
-14
1
0
45
-1
-1
0
2
0
-32
-28
-5
-1
96
-13
-109
-27
-1
0
-10
0
24
1
7
7
-212
-5
-1
-1
1
-1
0
-4
0
90
24
1
2
-3
31
0
-255
1
0
0
116
-5
3
-1
-2
49
-19
0
0
0
2
15
0
0
-18
-81
0
0
-65
47
-27
0
0
-50
0
0
0
82
0
8
0
64
1
6
0
0
65
156
0
1
-45
-27
87
-8
-1
0
1
0
-71
0
-31
12
-15
1
0
1
7
1
0
3
72
0
-2
-7
65
-63
0
21
1
-1
0
0
77
85
-3
0
-7
0
10
-41
0
-8
-58
171
1
12
-16
-72
-11
-16
0
129
63
1
0
255
0
-15
0
-1
28
1
13
-32
-8
0
5
12
-2
-1
-7
1
-50
3
-3
-7
-1
4
-1
-3
0
-55
-25
1
1
-229
-1
-1
-17
-1
7
15
-7
-5
-112
11
3
0
-1
-1
250
-1
1
-5
-1
-36
0
1
-223
-3
0
9
0
32
0
0
5
-20
1
0
51
45
4
8
-2
-208
11
0
1
33
151
0
2
120
-1
1
-1
2
-1
-1
52
0
0
7
-1
7
-1
-6
-1
-56
-117
36
225
6
0
-32
1
-22
0
0
-159
-43
68
9
31
-9
0
0
0
-2
-60
21
-63
198
-1
42
127
-4
1
122
7
0
-1
-1
0
0
0
-1
0
2
-1
0
0
4
-142
-1
-36
-29
-15
-1
17
-42
13
-1
11
-7
1
21
1
127
-112
-4
-1
-3
-117
-77
-31
0
122
-1
0
1
1
26
0
48
-5
151
-1
0
0
34
139
-27
1
0
-64
1
0
-1
0
-1
-3
-16
64
14
-255
-3
27
60
51
7
1
3
1
0
1
-1
2
239
0
7
7
-19
-255
1
-27
8
65
6
98
-7
-17
12
0
-255
1
0
-15
79
0
-2
-5
-113
-3
-14
-1
197
-1
-124
-2
-3
-1
8
6
0
1
2
14
0
9
8
-1
0
-151
0
0
0
0
128
-1
0
15
1
10
1
-172
0
-5
-13
1
-1
-1
48
6
12
-1
59
-32
4
-58
0
-1
1
-1
18
-80
0
-9
0
-12
-3
0
0
64
-4
0
57
1
0
80
1
-1
-3
-22
87
-52
0
-5
1
-217
-1
-1
0
-1
53
-153
4
-124
0
0
-7
1
-4
1
-4
-86
-1
-1
-1
26
1
204
14
0
-59
44
40
-1
150
-3
-14
-83
-1
-73
-1
238
-58
19
-45
-181
1
-113
-19
0
-2
6
44
1
2
126
-1
1
0
0
1
0
-1
0
0
-7
-73
0
-255
0
22
70
4
3
-6
0
-17
0
83
-27
-1
3
-4
7
-68
208
-111
-7
-45
0
13
-8
-5
-1
-10
8
11
86
1
0
-1
1
46
0
1
0
7
1
-7
-1
22
0
-14
0
1
-55
19
3
7
16
1
1
-1
5
99
-2
0
1
-65
1
0
1
-60
-1
0
136
-1
1
1
1
0
1
92
10
3
0
233
18
38
18
-4
-13
-64
-62
-35
21
243
-7
62
-226
12
-90
20
-98
53
13
0
0
-1
-39
-3
-1
0
169
8
29
143
0
1
0
1
-1
1
-4
1
-1
0
17
-1
-2
29
0
1
0
0
-33
4
23
-18
23
0
-1
-150
-1
11
0
8
10
-81
25
-1
13
1
0
-61
-26
-7
28
-52
-1
0
-1
0
-15
0
0
6
-5
22
21
-4
-3
-3
-5
16
-27
3
-14
0
3
0
3
-15
-2
0
0
2
-16
0
5
255
0
0
75
-117
-1
-40
212
-1
12
